large_terrain.grd
DSAA
210 162
38526449.96282 38530187.053219
2790515.1556343 2793393.9668987
233 881
[rows 0 to 41 of 162, columns 0 to 93 of 210]
350 345 340 337 334 330 326 323 321 318 318 316 313 305 295 288 282 280 279 279 278 277 277 278 272 255 248 243 241 241 244 248 250 252 255 258 264 270 275 282 290 299 307 312 315 315 315 315 316 316 318 323 328 332 332 329 326 325 323 322 322 323 328 335 340 344 345 343 341 341 342 343 345 348 354 361 367 374 377 381 385 389 391 393 399 402 404 407 410 412 415 419 421 424
346 341 336 333 331 327 322 318 315 311 310 307 302 294 286 280 277 275 274 273 272 269 269 269 258 251 247 243 242 243 245 247 249 250 252 256 261 268 272 278 285 293 300 305 306 307 307 308 309 310 312 317 321 323 320 319 318 317 316 314 313 315 320 326 330 332 332 331 329 328 329 332 336 340 346 354 359 365 368 373 377 381 382 383 389 393 397 401 404 406 409 412 415 421
344 340 334 331 329 324 319 315 310 306 304 300 295 287 280 276 274 273 272 271 268 265 264 264 257 252 247 245 245 247 248 249 249 249 251 253 259 265 270 274 278 284 290 294 295 297 300 302 304 306 308 311 314 313 308 308 310 310 309 307 306 308 312 317 320 322 321 320 319 319 321 325 331 335 341 348 352 356 358 362 368 372 373 374 379 383 389 394 397 399 400 403 407 415
344 340 335 331 327 323 319 315 310 305 303 299 295 288 282 277 275 274 273 272 270 267 266 267 260 254 250 249 249 249 250 250 249 249 251 253 258 263 267 269 271 275 278 282 286 290 295 298 301 303 304 306 306 305 300 300 301 302 302 301 302 303 306 309 311 312 312 312 312 314 316 320 325 329 334 339 342 344 345 348 354 359 363 365 370 374 380 384 387 389 390 393 398 406
346 342 337 332 328 324 321 318 314 309 306 303 299 294 287 283 280 278 277 277 275 273 272 272 264 257 252 252 251 251 250 249 249 249 251 254 257 261 264 265 267 268 270 274 280 286 292 295 299 301 301 300 299 297 294 294 295 296 297 298 298 299 300 302 302 303 304 306 308 310 312 316 319 322 326 329 330 331 332 335 340 346 352 357 363 367 371 375 377 378 380 384 388 397
350 346 342 337 332 329 327 325 322 318 315 311 308 303 297 291 287 285 284 284 284 282 280 278 268 260 253 249 248 248 248 247 247 248 251 254 257 260 261 262 264 265 268 271 276 283 289 293 295 297 296 294 292 291 290 290 291 292 293 295 295 295 295 295 295 296 299 302 305 307 308 310 312 314 316 317 318 319 322 325 329 335 341 348 356 360 363 366 367 368 371 376 380 387
357 353 350 346 340 336 334 334 332 329 326 323 319 313 307 301 295 292 290 291 293 293 290 285 274 263 252 246 243 243 244 245 246 247 250 254 257 259 260 262 263 265 267 270 274 279 285 288 289 290 290 289 289 289 287 287 288 289 290 292 292 292 290 290 290 292 295 298 301 303 305 306 307 307 308 310 311 312 317 320 323 328 334 341 350 354 356 358 360 362 365 368 372 378
364 361 358 354 348 342 339 339 339 337 335 332 327 321 314 308 302 297 295 296 298 299 296 290 279 267 254 245 241 241 243 245 245 246 250 255 258 260 261 263 264 266 267 269 273 277 282 284 285 286 287 287 288 288 287 286 287 288 289 291 291 290 288 288 288 290 293 296 299 301 303 303 305 307 308 310 311 312 317 320 323 328 334 345 350 354 356 358 360 362 365 368 372 378
375 372 369 366 359 353 348 346 347 347 346 344 338 329 321 315 310 306 303 303 306 307 304 298 286 277 265 251 243 242 244 246 247 248 252 257 260 263 264 266 268 269 267 269 273 277 282 284 285 286 287 287 288 288 287 286 287 288 289 291 291 290 288 288 288 290 293 296 299 301 303 303 305 305 306 308 310 313 317 320 322 326 332 342 346 349 351 354 357 360 363 365 368 373
384 381 378 375 370 363 357 354 354 355 346 344 338 329 321 315 310 306 303 303 306 307 304 298 286 277 265 251 243 242 244 246 247 248 252 257 260 263 264 266 268 269 269 268 270 273 277 279 281 283 285 287 290 291 289 289 290 290 291 291 291 290 288 288 288 290 292 294 296 297 299 301 303 304 306 308 311 316 319 322 324 328 332 339 341 343 346 350 354 357 359 362 364 368
384 381 378 375 370 363 357 354 354 355 356 354 347 335 326 321 318 315 312 312 314 315 311 304 292 285 275 259 248 245 245 247 248 250 254 259 263 267 269 271 274 274 272 270 269 271 274 277 280 283 286 290 294 296 295 294 295 295 294 293 293 292 291 291 291 291 292 293 293 295 297 300 304 306 308 310 313 318 322 325 328 332 335 338 338 340 343 347 351 355 358 360 362 366
392 388 384 380 377 372 367 362 361 362 363 361 354 342 332 326 325 323 322 322 322 321 316 307 294 287 278 263 251 246 244 246 248 251 257 262 266 273 277 281 283 282 279 275 273 273 275 278 281 285 290 295 299 302 302 301 301 301 299 297 296 296 296 297 296 295 295 294 293 294 297 301 305 307 310 312 314 318 323 327 330 334 337 340 340 341 343 347 350 353 357 361 363 368
401 396 390 386 383 380 375 370 369 370 371 368 360 349 339 334 334 334 334 333 331 327 319 309 294 286 276 259 247 243 242 244 249 254 258 264 270 279 285 290 293 291 287 282 278 276 277 279 283 288 294 300 305 310 310 309 307 305 303 300 300 301 303 303 303 301 299 297 296 297 300 304 308 310 312 313 315 317 323 328 331 335 338 343 344 345 346 348 350 353 357 362 365 371
411 405 397 391 389 386 381 379 378 379 379 375 367 355 347 344 344 345 345 344 340 332 321 311 295 287 273 252 238 238 241 244 250 254 259 264 272 282 289 296 299 298 294 288 283 279 278 279 283 290 298 305 309 316 316 315 312 309 306 304 304 305 308 310 310 308 306 303 301 302 305 309 313 314 315 315 316 318 323 327 331 334 338 344 347 349 350 350 352 355 359 364 368 374
421 415 404 396 395 392 388 387 389 390 388 382 372 361 354 353 355 355 354 352 346 336 325 315 299 291 275 248 233 236 242 247 251 255 260 265 274 284 291 297 301 301 299 294 289 284 281 280 285 292 301 308 313 321 322 321 317 315 311 307 306 308 311 315 316 316 314 310 308 308 311 315 319 320 320 319 320 323 326 329 332 334 336 344 348 352 353 353 355 358 363 368 372 378
429 423 413 404 402 400 398 398 399 400 397 388 378 368 362 361 362 362 360 356 348 339 329 319 302 294 281 258 243 243 246 250 253 256 261 267 274 283 288 293 297 299 298 296 292 287 283 282 286 292 301 309 315 325 326 326 324 321 316 311 309 309 313 317 320 321 321 318 315 315 318 322 326 327 326 326 327 331 333 334 336 336 338 345 349 353 354 355 357 362 366 372 377 382
435 431 423 415 411 410 409 410 410 408 404 393 382 374 369 367 367 366 363 358 350 341 332 322 303 295 286 271 258 253 251 253 254 256 262 268 274 280 283 288 292 294 295 296 294 290 285 283 286 293 301 310 317 328 330 331 330 327 323 317 313 312 315 320 323 325 326 324 322 322 324 329 333 334 335 335 337 340 341 342 341 341 342 348 352 355 355 357 360 365 370 376 380 386
439 437 430 423 418 415 415 416 415 412 407 395 384 377 373 370 369 367 363 359 350 342 333 311 302 295 287 276 266 260 255 255 255 257 261 268 273 278 280 284 288 291 293 294 294 290 286 284 286 293 301 309 316 328 331 332 332 331 327 322 317 315 318 322 325 327 328 327 326 326 329 333 338 340 343 344 344 345 346 346 346 346 347 352 355 357 357 359 362 367 372 377 381 387
447 447 442 434 426 421 421 423 422 416 410 398 388 382 377 372 369 365 361 357 350 342 331 307 298 293 287 279 271 266 260 257 256 257 261 266 271 275 277 280 284 287 291 293 294 290 285 283 285 291 298 305 312 325 330 332 334 334 333 330 325 322 323 326 328 331 332 332 331 332 335 339 345 349 353 354 353 352 352 353 353 353 354 357 359 360 361 364 366 370 375 380 384 390
457 457 453 445 434 426 426 428 426 420 414 402 393 386 379 372 367 363 359 355 348 339 327 303 295 290 286 278 271 267 263 260 258 258 261 265 270 273 275 278 282 287 291 293 294 291 286 283 285 289 294 300 306 320 326 330 333 335 337 337 334 331 330 331 333 336 337 338 337 339 342 347 352 356 360 362 361 359 359 359 359 359 360 361 362 365 367 369 371 374 378 383 387 393
466 467 463 455 443 434 432 432 430 422 415 405 396 388 380 371 364 359 355 351 343 334 321 298 292 286 280 273 267 265 264 262 261 261 263 267 271 275 276 280 284 289 293 296 297 295 291 288 286 287 290 294 299 313 320 324 330 336 340 343 342 340 338 339 340 342 343 344 344 345 348 353 357 360 363 366 367 367 366 367 366 366 366 366 367 370 373 375 377 379 383 387 390 396
473 475 471 463 453 443 439 436 432 422 414 404 396 388 379 369 359 353 349 346 339 329 316 295 289 283 275 269 265 264 263 263 263 263 266 270 275 278 280 284 288 293 298 301 303 301 298 296 292 290 290 292 295 308 315 320 329 337 343 347 348 347 346 346 347 348 349 350 350 350 353 357 362 364 366 369 372 374 375 375 374 372 372 371 373 376 379 382 384 387 389 392 394 399
476 477 474 467 455 446 441 435 427 417 409 400 392 385 376 364 353 345 340 339 335 326 312 293 289 282 274 269 266 265 264 263 263 265 269 275 279 283 286 289 294 300 306 309 311 309 306 304 300 297 296 295 295 306 313 318 328 337 344 349 352 353 353 354 354 354 354 354 354 355 357 360 364 366 369 373 376 380 381 381 381 379 378 375 377 381 386 389 391 394 395 397 399 402
476 477 474 468 456 446 441 433 421 411 404 395 389 383 375 361 348 339 333 332 329 321 308 293 289 282 275 271 268 266 265 263 262 265 271 278 284 289 292 296 301 307 313 317 318 317 314 311 308 305 303 300 298 305 312 318 327 336 343 349 352 355 357 359 359 358 357 357 358 359 362 364 366 368 371 375 379 384 386 387 387 386 382 381 383 387 392 396 399 402 402 403 404 406
474 474 472 467 458 449 441 430 416 404 398 391 386 383 376 365 352 341 332 328 324 317 306 295 291 285 278 273 269 267 265 263 263 266 272 280 287 295 298 303 307 313 319 322 323 322 319 316 314 312 309 305 302 305 310 315 324 331 338 343 347 353 357 360 360 358 357 357 358 359 362 364 366 368 371 375 379 384 386 387 387 386 382 381 383 387 392 396 399 402 402 403 404 406
472 471 470 469 462 454 444 430 414 398 391 386 384 382 379 372 362 349 335 328 322 315 307 297 294 289 282 276 271 269 266 264 263 266 272 280 287 295 298 303 307 313 319 322 323 322 319 316 314 312 309 305 302 305 310 315 324 331 338 343 347 353 357 360 360 360 359 359 360 362 364 365 366 367 369 373 378 385 389 391 392 391 389 388 390 394 398 402 406 409 410 410 411 413
470 467 470 469 462 454 444 430 414 398 391 386 384 382 379 372 362 349 335 328 322 315 307 297 294 289 282 276 271 269 266 264 263 266 272 281 290 299 303 308 312 317 323 325 326 325 322 321 319 317 315 311 307 306 309 313 319 325 330 334 339 345 351 355 357 359 359 360 361 362 364 364 363 363 365 370 375 382 388 392 394 395 395 395 397 400 404 408 412 416 416 417 418 421
470 467 466 466 462 457 447 432 412 395 387 384 384 383 381 377 369 356 341 333 324 316 308 299 299 294 285 279 275 271 267 265 265 267 272 281 291 301 306 310 313 317 321 323 325 325 325 324 323 322 319 316 311 307 308 310 314 318 321 324 328 333 340 345 348 352 354 355 357 358 360 359 358 359 361 365 371 378 385 390 393 396 398 399 402 405 409 414 418 421 422 424 425 428
468 464 460 458 458 457 448 431 410 393 385 384 385 385 383 378 370 358 346 338 327 318 309 301 302 296 287 281 277 273 269 267 267 269 273 281 291 300 305 309 312 314 316 318 321 324 326 326 326 325 323 320 311 308 307 308 310 313 314 316 318 322 327 333 337 342 345 348 351 352 354 355 356 356 359 364 370 376 382 388 393 396 401 403 407 411 415 420 423 427 429 431 432 434
466 461 456 454 455 453 442 427 408 391 384 383 385 384 381 375 366 355 344 338 328 319 309 303 302 296 287 281 277 274 271 269 269 270 275 282 290 298 302 306 309 310 312 314 317 322 325 326 326 326 324 321 313 310 308 308 309 311 311 313 314 317 322 328 332 336 340 344 347 350 352 355 356 357 361 366 371 377 382 388 393 396 403 405 410 415 420 424 428 432 434 436 438 439
465 461 455 453 450 445 433 419 404 390 383 380 380 379 376 369 360 349 341 336 328 320 310 305 303 296 288 283 279 278 276 275 274 274 277 283 288 293 296 299 302 304 306 308 312 317 321 323 324 325 325 324 318 313 311 310 310 310 310 311 314 319 323 327 330 334 338 342 346 350 354 357 361 362 366 370 376 381 385 390 394 397 405 408 413 419 425 429 433 437 440 443 445 446
471 466 459 454 446 437 428 418 405 391 382 375 373 372 369 363 354 345 338 335 329 321 314 308 304 297 290 285 282 282 281 281 279 278 280 283 286 289 290 293 296 299 302 304 308 312 317 319 322 325 327 328 324 320 316 315 314 313 312 314 318 323 328 331 333 336 339 344 349 354 358 361 364 366 371 376 382 387 391 394 397 400 407 409 414 420 425 430 435 439 444 449 452 452
479 473 462 452 442 433 426 418 406 392 383 374 369 366 363 357 350 343 337 333 328 323 317 310 306 300 294 289 286 285 284 282 280 279 280 282 284 287 287 289 293 297 300 303 306 310 315 319 323 328 331 334 331 328 325 324 322 320 319 320 324 330 335 338 339 341 345 349 354 358 361 363 365 367 373 380 387 393 397 399 402 404 408 410 413 417 421 426 432 439 447 454 457 459
482 475 462 448 438 431 425 418 408 396 386 376 369 363 359 354 349 344 337 333 329 324 316 311 308 304 299 294 290 288 284 279 276 275 277 280 282 285 286 288 291 295 300 303 308 312 317 321 327 333 336 339 338 336 335 335 333 330 327 328 332 337 341 344 346 348 352 356 361 364 364 365 366 368 374 382 390 397 401 403 406 408 409 410 411 413 416 420 429 438 448 457 461 464
477 468 454 443 436 432 427 420 411 401 394 384 375 367 360 355 351 346 340 336 330 327 319 315 311 308 304 299 294 290 284 276 270 268 271 275 279 283 285 287 290 294 299 305 311 316 322 326 332 338 341 344 344 344 344 344 342 338 335 334 337 341 346 350 352 355 358 362 367 368 366 365 366 368 374 384 393 401 406 408 410 411 410 411 411 412 414 417 425 435 447 457 463 469
472 462 450 441 437 434 430 423 414 407 401 392 382 373 365 360 355 350 344 340 336 332 325 321 318 314 311 306 300 296 288 278 270 266 267 271 275 279 282 285 289 293 298 306 314 321 327 332 337 342 346 349 351 351 351 350 348 344 340 337 339 344 349 355 357 361 365 368 372 372 369 366 367 370 377 387 397 405 410 413 414 414 413 413 412 413 414 418 425 435 446 457 464 472
472 464 453 446 441 438 433 426 417 409 405 397 388 380 373 367 361 356 350 347 344 341 334 330 326 322 318 313 307 303 296 287 278 271 269 270 272 275 278 282 287 292 297 305 315 323 331 335 340 346 350 354 357 356 355 353 350 347 343 341 342 346 351 356 360 365 370 373 375 374 371 370 370 373 380 391 402 410 414 417 418 419 418 416 415 415 417 421 426 434 445 456 463 473
475 468 459 452 446 442 436 428 419 412 408 402 395 388 381 374 368 362 357 354 351 348 342 337 333 329 325 320 313 310 304 297 289 280 275 273 272 272 274 278 284 290 295 303 313 323 331 335 341 348 353 357 361 359 357 355 352 349 346 344 345 348 352 357 360 366 371 376 378 378 377 375 375 377 385 395 406 414 418 421 423 424 422 420 418 419 420 423 427 434 445 455 462 472
479 472 463 456 451 445 438 430 421 414 411 406 400 393 386 378 371 365 361 359 355 352 346 341 336 332 329 323 317 314 309 303 296 286 280 276 273 271 272 276 283 288 293 301 310 320 328 333 340 347 352 357 360 359 357 355 353 351 349 347 348 349 353 358 361 366 372 377 381 382 382 380 378 380 387 398 407 414 419 421 424 426 425 423 422 421 421 423 427 433 443 453 460 469
483 477 468 462 457 451 444 435 425 417 413 410 408 400 391 381 373 369 366 364 360 357 351 345 341 337 334 329 323 320 315 312 305 296 288 281 275 271 271 274 279 285 290 297 304 313 322 327 335 342 347 352 354 354 354 355 354 354 353 352 352 353 356 361 364 368 373 379 385 388 388 386 384 384 389 397 405 413 417 420 423 428 428 428 427 425 423 422 425 431 439 448 454 462
487 481 473 467 461 456 449 440 429 421 418 415 412 404 394 383 376 373 372 370 366 361 355 350 345 342 340 336 330 327 322 319 314 306 296 286 278 272 270 271 275 282 288 293 299 307 315 320 328 335 340 343 347 349 351 354 355 356 356 356 357 358 361 364 367 371 375 381 388 393 393 391 387 386 388 394 402 409 414 418 421 428 430 431 431 430 427 423 425 431 439 448 454 462
489 483 475 470 465 459 451 442 433 426 421 416 410 401 391 383 378 376 375 373 368 364 358 354 350 347 344 340 335 332 327 324 320 312 302 290 280 273 270 270 273 280 286 291 296 301 307 313 320 327 331 335 343 347 352 355 358 359 356 356 357 358 361 364 367 371 375 381 388 393 393 391 387 386 388 394 402 409 414 418 421 428 430 431 431 430 427 423 425 429 435 442 447 455
