large_terrain.grd
DSAA
210 162
38526449.96282 38530187.053219
2790515.1556343 2793393.9668987
233 881
[rows 42 to 83 of 162, columns 94 to 187 of 210]
459 469 479 490 500 508 515 519 522 523 522 520 517 512 507 502 500 496 490 485 481 479 478 476 474 473 471 469 467 467 468 467 465 462 461 463 468 474 476 474 469 463 457 452 449 445 441 437 438 441 444 447 448 449 452 455 459 460 460 460 460 460 459 458 458 460 461 463 464 465 465 466 466 464 461 456 451 452 453 458 464 471 478 480 481 482 483 483 484 484 482 481 482 483
456 466 476 488 499 507 515 519 522 523 521 519 516 512 506 501 500 499 495 490 487 484 482 479 478 476 475 473 471 471 472 471 469 467 466 468 472 478 480 478 470 463 458 454 452 447 443 443 444 447 450 452 454 456 458 461 464 465 465 464 464 464 465 466 466 467 468 469 470 472 474 477 476 473 467 461 456 456 457 461 468 476 484 487 489 489 491 492 493 493 492 491 494 496
455 464 475 486 496 505 513 516 519 521 520 519 517 513 508 503 501 501 498 495 492 489 487 484 481 479 478 478 477 477 478 477 476 474 473 475 478 482 482 479 471 465 462 459 457 453 449 449 450 452 455 458 461 464 466 468 469 470 470 470 470 471 473 473 473 474 475 475 477 480 484 487 486 481 475 469 462 461 461 465 471 480 489 495 498 499 501 503 504 504 502 502 504 507
454 463 473 484 493 501 508 512 516 518 520 520 518 516 511 506 504 505 503 500 496 494 491 488 485 483 482 482 483 483 484 484 483 482 481 482 484 486 484 480 473 469 468 466 465 461 456 455 456 457 461 464 467 471 474 475 475 474 474 476 478 479 482 482 481 482 483 483 484 488 492 496 496 491 484 477 468 466 467 469 475 484 495 503 509 511 513 514 515 515 513 512 514 517
454 462 471 481 489 496 502 506 510 515 519 520 519 518 514 511 509 509 507 504 501 498 495 491 489 487 486 487 488 489 490 490 490 489 490 491 492 493 490 485 479 475 476 475 473 470 466 465 464 464 466 468 472 477 481 482 481 480 480 482 486 489 491 492 492 492 492 492 493 495 499 503 504 501 495 488 476 473 472 474 479 489 500 511 519 523 525 525 525 525 523 522 523 525
453 460 468 476 485 491 496 500 506 512 517 521 520 519 517 515 515 514 511 508 505 502 500 496 494 493 492 492 493 494 495 495 496 497 498 499 500 500 497 493 487 482 482 482 480 478 475 475 473 471 470 471 475 481 486 488 487 485 486 489 494 497 501 503 503 502 502 501 502 504 506 510 513 511 506 499 486 481 479 480 485 495 507 519 529 534 536 536 535 534 534 534 533 535
453 459 466 473 481 488 494 497 504 511 517 521 521 521 519 519 519 517 514 511 507 505 503 501 499 498 496 496 497 498 498 498 499 501 503 504 505 505 501 496 491 487 485 484 483 482 480 480 478 475 473 474 477 483 489 491 491 490 490 493 499 502 507 510 510 509 508 508 509 511 513 516 519 517 513 506 492 486 483 484 489 500 512 524 535 541 544 543 542 541 542 543 542 542
453 457 463 470 477 485 493 498 506 514 519 523 525 525 525 524 524 522 517 513 510 508 507 507 507 505 503 501 501 502 503 503 505 507 509 510 509 509 505 500 496 492 489 487 487 487 487 487 484 482 479 480 482 488 495 497 498 498 499 503 508 511 517 521 520 519 518 520 524 527 527 528 528 526 522 516 501 493 490 491 497 508 521 532 543 550 555 556 557 556 557 557 556 554
454 457 462 467 475 484 494 500 509 518 524 528 531 532 532 531 527 524 519 515 512 511 512 514 514 513 509 505 505 506 508 510 512 515 516 516 514 512 508 504 501 497 494 491 492 493 493 492 491 489 487 487 489 495 501 505 506 507 509 513 518 522 528 532 531 529 530 535 540 543 544 542 539 536 532 527 510 502 498 499 505 516 529 540 550 559 566 571 574 575 574 572 569 566
457 460 465 470 477 486 496 503 513 522 529 535 538 540 539 537 530 525 521 517 516 516 518 521 521 519 514 509 508 510 514 517 521 523 524 523 520 517 511 506 503 502 501 500 500 501 500 498 497 496 495 496 498 503 508 512 515 517 521 526 531 535 539 542 541 541 543 549 554 558 558 556 553 548 543 538 521 511 508 508 513 523 534 546 557 565 574 580 586 591 591 589 582 577
462 465 470 475 481 489 498 506 515 525 534 541 545 547 546 543 532 526 523 522 523 523 524 527 527 524 518 512 511 514 519 525 530 532 533 531 528 524 517 510 506 506 509 512 512 512 507 504 502 502 503 504 506 511 515 520 524 528 533 538 543 546 549 551 552 553 557 562 566 569 570 568 566 561 554 548 532 523 518 517 520 528 539 551 562 570 578 583 592 600 604 603 593 586
467 470 475 481 486 493 502 508 517 526 536 544 550 552 550 546 535 529 528 529 531 532 532 533 532 529 524 519 516 519 524 529 534 537 539 539 537 533 525 517 512 512 518 523 525 525 518 513 510 509 510 512 514 518 523 529 535 540 545 549 554 556 558 561 563 565 568 572 574 575 576 576 575 570 562 548 542 535 530 526 527 533 542 554 565 573 580 584 592 601 605 605 598 593
473 476 481 486 492 498 505 511 519 527 537 546 552 554 552 548 536 533 534 537 539 541 540 539 538 535 532 527 525 526 529 533 537 541 545 547 545 542 534 526 522 522 526 531 534 536 533 527 521 517 518 520 522 526 531 538 546 553 558 561 565 567 570 573 576 578 579 580 580 580 580 581 580 574 565 554 551 535 530 526 527 533 542 554 565 573 580 584 592 601 605 605 598 593
477 481 486 492 497 503 509 514 520 528 538 547 552 554 551 547 540 539 542 545 547 547 545 544 543 542 541 539 536 534 535 537 542 545 550 552 551 549 544 538 536 536 537 539 541 544 546 527 521 517 518 520 522 526 531 538 546 553 558 561 565 567 570 573 576 578 579 580 580 580 580 581 580 574 565 554 551 548 544 537 535 537 545 556 567 575 581 585 592 600 604 605 602 598
483 486 491 496 502 508 514 517 524 532 541 549 554 555 552 548 546 539 542 545 547 547 545 544 543 542 541 539 536 534 535 537 542 545 550 552 551 549 544 538 536 536 537 539 541 544 546 543 535 528 527 528 531 536 542 550 558 566 571 574 578 580 584 588 591 591 590 588 586 584 584 582 578 571 562 559 561 560 557 550 544 543 548 557 567 575 583 588 595 602 605 607 606 604
483 486 491 496 502 508 514 517 524 532 541 549 554 555 552 548 546 548 551 554 555 553 550 548 548 549 551 552 548 544 542 544 548 551 555 557 557 555 553 552 552 552 550 549 549 552 558 557 548 540 537 538 542 548 556 564 571 578 584 588 592 594 598 602 606 606 602 597 592 589 586 583 576 567 559 564 568 570 569 562 554 550 551 559 568 578 587 592 600 607 611 613 613 611
486 489 493 499 505 511 517 520 527 535 543 551 555 557 554 551 552 554 556 558 559 558 555 552 552 555 559 560 556 550 547 548 552 555 559 562 561 560 559 560 561 563 561 559 557 561 563 562 554 546 543 545 550 558 566 574 581 587 593 597 600 602 606 611 615 615 609 604 597 591 588 584 576 567 560 567 572 575 574 570 561 556 555 562 571 581 590 596 604 612 616 619 618 617
492 493 497 503 509 516 522 527 533 541 548 555 559 561 560 559 559 562 563 565 566 566 563 562 563 567 571 572 568 561 557 557 559 561 566 569 569 569 569 571 574 576 576 574 573 573 572 569 561 554 554 558 564 573 582 588 594 599 603 608 612 614 616 620 624 623 617 611 602 593 589 584 578 573 568 571 575 579 580 578 571 566 566 570 578 587 595 601 610 618 623 626 627 624
498 498 500 506 513 521 529 534 540 547 552 558 562 564 566 567 567 569 570 571 573 574 574 575 577 580 582 583 579 574 571 569 569 570 575 578 579 578 578 581 584 587 588 588 588 589 584 576 568 563 566 572 578 587 595 601 605 610 613 617 622 624 625 626 629 628 620 613 603 593 588 583 581 579 576 575 579 584 586 585 582 580 579 581 585 593 601 607 615 622 627 631 632 628
504 503 505 510 517 525 533 538 544 550 553 558 562 566 570 572 574 576 577 578 580 584 587 591 593 595 595 595 593 590 587 585 584 584 587 588 588 587 588 590 593 596 597 599 601 605 599 589 580 575 578 585 590 597 604 610 615 618 621 625 630 633 632 630 631 627 617 607 597 589 586 583 582 582 579 579 584 591 594 595 595 595 595 592 592 598 605 610 617 622 626 630 630 625
510 509 511 515 521 528 535 540 545 550 554 557 562 567 572 576 581 583 585 587 590 595 601 607 610 611 610 609 608 606 604 601 600 601 600 599 598 597 599 601 604 606 607 609 612 619 614 604 594 589 591 596 600 606 612 619 625 628 632 636 640 642 638 633 630 622 610 600 592 586 585 585 586 586 584 585 591 598 602 605 608 609 609 604 601 604 610 613 617 621 623 625 623 618
518 516 517 520 525 530 535 539 544 549 553 558 563 569 574 580 586 589 593 597 601 607 614 622 626 627 626 624 623 622 620 618 617 617 616 614 612 611 613 614 616 618 618 619 622 628 624 616 608 602 601 604 608 614 622 630 636 640 646 651 653 651 641 630 623 614 603 596 591 588 588 590 593 593 592 591 596 602 607 612 616 619 619 614 609 611 614 616 618 619 620 621 618 614
525 525 526 528 530 532 535 538 543 549 555 560 565 571 578 588 592 596 601 606 611 618 625 635 639 641 640 639 637 636 635 633 633 633 632 630 628 628 629 629 630 631 631 632 633 635 630 624 618 613 611 613 616 624 633 641 647 653 660 666 664 657 640 623 613 604 598 595 595 594 594 597 601 603 602 600 602 605 609 615 621 624 625 622 618 617 618 619 620 621 620 619 616 613
535 535 535 536 537 538 540 542 546 552 559 565 570 576 582 592 598 603 608 614 620 627 635 645 650 652 651 649 648 648 648 647 648 648 647 645 644 645 645 643 643 644 645 645 645 640 635 630 625 621 621 623 626 635 644 651 658 664 671 674 670 661 641 621 608 601 600 601 603 603 604 608 612 615 615 611 610 610 612 617 623 628 631 628 624 622 622 624 626 627 626 623 619 615
543 544 544 544 544 545 547 549 553 559 565 571 577 582 588 599 605 610 616 622 628 635 645 657 663 666 664 660 658 660 661 662 662 662 660 659 658 659 659 658 658 658 659 658 656 648 642 637 633 630 630 633 638 646 655 660 666 673 678 678 672 664 646 626 611 604 606 610 613 614 615 620 625 628 629 624 620 617 616 620 626 634 637 635 630 628 628 630 633 635 633 628 623 621
547 549 551 550 549 550 552 554 558 564 570 576 582 587 593 605 611 616 621 626 633 641 652 666 673 677 675 670 667 668 670 671 670 670 668 667 666 667 668 668 668 668 668 667 665 655 649 643 639 637 638 642 646 654 662 667 672 678 681 678 673 666 650 632 617 610 613 617 619 622 624 630 635 637 639 633 627 622 621 623 630 638 642 640 635 632 631 633 637 640 637 631 627 624
550 554 557 557 557 557 558 560 565 571 577 584 590 597 604 614 619 624 629 635 641 650 663 677 685 691 693 690 687 685 686 685 684 682 680 678 677 678 679 682 683 684 683 680 678 669 662 655 650 649 651 655 659 666 672 677 682 685 685 680 674 669 656 642 628 621 622 625 630 635 639 646 651 651 649 645 637 630 629 631 637 643 647 646 643 639 637 638 642 645 642 636 631 629
552 558 562 563 563 563 563 565 570 577 585 593 600 607 614 623 628 632 638 645 652 662 674 688 697 705 711 712 711 708 705 702 698 695 693 691 689 689 692 695 698 700 699 695 693 684 675 666 661 659 663 667 671 677 683 687 691 692 689 682 675 671 661 649 637 629 629 632 639 648 653 660 665 664 659 655 647 640 639 641 644 648 651 652 650 646 644 645 647 649 647 641 637 635
554 561 566 568 569 568 569 571 576 584 592 600 608 615 621 631 638 647 654 660 667 675 686 699 707 716 724 730 734 734 731 724 715 711 709 708 706 705 707 709 711 713 712 710 707 695 685 674 669 668 671 677 680 685 690 694 696 696 692 684 678 674 665 654 644 637 635 639 649 660 666 672 675 674 665 661 655 650 649 650 653 655 658 659 659 656 653 653 653 654 652 647 643 642
556 564 570 573 575 577 579 581 585 592 599 606 613 620 627 639 650 661 669 675 681 688 699 711 718 727 735 744 752 755 754 747 738 733 730 728 727 725 724 723 723 724 724 722 718 702 691 680 675 675 678 684 688 692 695 698 699 698 694 687 683 680 671 660 651 645 643 647 658 660 666 672 675 674 665 661 655 650 649 650 653 655 658 659 659 656 653 653 653 654 652 647 643 642
557 564 571 576 582 588 594 595 597 601 606 612 618 625 634 651 662 673 681 688 695 703 714 725 732 739 747 757 766 770 772 768 762 757 753 750 748 745 740 737 723 724 724 722 718 702 691 680 675 675 678 684 688 692 695 698 699 698 694 687 683 680 671 660 651 645 643 647 658 669 676 681 683 681 671 667 663 660 659 660 662 663 665 666 665 663 661 660 660 660 658 654 650 649
558 565 572 580 587 595 603 605 606 610 606 612 618 625 634 651 662 673 681 688 695 703 714 725 732 739 747 757 766 770 772 768 762 757 753 750 748 745 740 737 735 732 730 727 724 706 694 685 681 682 686 691 695 698 701 703 704 701 696 692 689 687 679 669 661 655 654 657 666 674 679 684 688 688 680 676 672 669 668 669 671 673 674 672 669 667 665 665 664 663 661 659 657 657
558 565 572 580 587 595 603 605 606 610 614 620 627 636 647 665 674 683 691 700 710 721 731 741 747 754 762 771 778 783 786 785 780 777 773 769 765 761 755 750 745 738 734 730 718 708 698 690 688 688 693 699 702 706 708 709 709 706 703 699 697 695 688 679 671 666 665 668 675 680 683 689 694 697 690 684 680 677 677 679 681 683 683 679 672 669 668 668 667 665 665 664 664 664
561 567 575 583 592 600 607 610 613 617 623 630 639 649 659 676 683 690 697 707 720 732 744 755 762 770 778 786 792 796 798 796 792 788 784 778 773 769 765 760 752 743 736 730 719 711 702 695 692 693 697 704 708 713 716 716 715 713 711 708 705 702 694 685 678 674 675 678 683 687 689 695 701 704 699 693 688 685 685 688 690 690 688 683 674 671 672 670 668 667 667 667 668 668
565 571 577 586 596 604 610 613 618 624 633 642 652 661 670 683 690 696 704 715 728 742 755 767 775 785 794 801 807 810 810 807 802 799 792 784 778 776 773 767 758 748 738 729 720 714 707 700 697 697 701 707 712 719 723 722 720 719 718 716 711 706 697 688 682 679 682 686 690 693 696 701 707 710 707 702 697 694 694 696 697 694 690 685 679 676 675 674 671 670 670 670 671 672
568 573 578 586 596 606 613 616 622 630 639 650 658 667 675 687 694 703 714 725 739 752 765 777 785 794 803 812 818 820 819 815 810 806 797 789 783 780 777 771 762 751 740 730 722 716 710 704 700 699 702 708 714 721 725 725 723 721 721 719 713 707 697 689 683 681 685 691 696 700 702 707 711 713 711 707 704 701 700 700 698 694 690 687 683 680 677 676 673 672 672 673 674 674
572 576 580 587 597 607 617 622 629 638 647 657 665 673 680 694 704 716 728 740 753 766 780 793 801 811 820 828 833 834 832 828 822 818 808 799 793 789 783 776 767 756 744 734 725 720 714 708 704 702 705 711 716 723 727 727 724 721 720 717 712 706 697 690 686 685 690 698 705 711 714 717 718 719 715 714 712 709 707 703 698 693 691 691 689 685 681 679 678 678 678 679 679 680
575 578 582 590 601 612 622 628 636 645 654 662 670 679 687 705 717 728 739 750 763 778 794 809 818 828 837 842 846 846 843 838 833 829 820 812 806 799 789 780 771 761 751 742 732 727 720 714 709 707 709 714 718 724 729 728 724 720 716 713 709 706 700 695 691 691 697 705 715 723 727 729 729 727 721 718 716 714 712 706 700 696 695 697 696 692 687 686 686 686 686 685 686 687
579 582 587 596 607 617 626 632 641 649 657 664 674 684 708 716 727 736 745 756 771 788 806 822 830 841 849 851 852 851 848 843 840 838 831 823 815 805 794 784 775 767 759 751 741 735 729 722 716 711 714 718 722 726 730 728 724 718 713 709 707 707 705 702 699 700 706 715 725 733 736 739 738 733 722 719 717 715 714 709 705 701 701 702 703 700 697 697 697 696 694 692 692 693
585 588 593 602 612 621 630 635 644 652 660 668 678 691 721 727 736 745 753 765 781 799 818 834 842 851 857 857 856 854 852 848 846 844 839 831 820 809 799 788 780 774 768 760 750 744 738 731 723 718 719 723 726 729 731 731 728 721 714 710 710 712 713 712 711 712 718 726 734 740 743 744 742 736 722 718 717 716 715 712 709 707 707 708 709 709 709 709 708 706 702 699 697 699
593 597 603 610 618 627 636 641 649 658 666 675 687 702 732 739 747 755 766 780 797 816 835 849 855 859 860 860 859 857 855 852 851 850 844 835 823 813 805 796 788 782 774 765 755 750 744 738 731 726 726 729 731 734 736 737 736 729 722 718 718 720 722 723 723 725 729 735 740 744 746 746 744 739 725 720 719 719 719 717 714 713 714 714 716 717 717 717 715 712 708 705 703 704
601 607 613 619 626 634 642 648 657 666 676 686 700 713 740 748 758 768 781 795 813 833 850 862 866 867 866 864 863 862 860 857 855 854 847 839 827 819 813 806 798 790 780 769 758 754 750 743 738 734 734 736 736 739 742 744 743 739 734 729 728 730 733 735 734 735 739 743 746 748 749 748 746 738 731 726 724 725 726 723 721 720 720 721 723 724 723 722 720 716 713 711 710 710
