large_terrain.grd
DSAA
210 162
38526449.96282 38530187.053219
2790515.1556343 2793393.9668987
233 881
[rows 0 to 41 of 162, columns 94 to 187 of 210]
426 430 435 441 447 452 457 459 461 462 462 462 463 467 471 473 474 474 475 474 478 481 483 485 486 486 486 488 490 492 494 497 501 502 498 492 484 477 470 467 464 461 455 449 445 441 437 433 428 421 415 410 406 402 400 401 403 405 408 410 411 409 403 394 379 367 361 356 353 348 347 350 355 360 364 368 372 377 382 381 378 372 364 357 352 351 351 350 350 351 355 360 366 371
426 430 435 441 447 454 461 463 466 469 470 470 472 476 480 483 483 483 483 483 486 489 490 491 491 492 495 499 501 499 498 498 500 499 496 491 484 479 475 472 468 463 456 449 444 439 435 432 429 423 418 413 409 405 404 405 407 410 412 414 414 412 404 392 377 365 358 353 349 347 347 351 357 363 368 373 378 384 388 385 381 373 364 358 356 356 357 356 355 356 359 366 374 380
422 427 432 437 444 453 461 464 468 472 474 476 480 484 488 491 492 492 492 492 494 496 496 496 497 500 504 510 511 506 501 498 498 497 494 489 483 480 478 475 470 463 455 447 442 436 433 431 430 424 421 416 411 408 409 410 412 415 417 418 416 413 403 389 377 367 359 353 349 348 349 354 360 366 371 377 384 389 394 389 382 374 365 360 361 363 363 361 360 360 365 372 380 388
414 421 425 431 438 447 454 458 463 468 472 476 482 488 493 496 498 499 499 500 502 503 502 502 503 506 512 518 518 510 502 499 498 498 494 487 480 477 477 475 470 462 453 445 440 435 432 430 430 424 422 420 416 414 415 416 418 421 422 420 416 412 401 390 380 371 363 355 351 350 352 356 362 368 374 380 387 392 395 389 382 373 366 364 366 367 368 367 365 365 369 375 384 392
406 413 418 423 430 438 444 448 455 461 467 473 480 487 493 498 501 503 504 508 509 509 508 507 508 513 519 524 522 512 504 501 501 500 495 488 481 476 475 473 469 462 453 444 439 434 432 431 430 426 426 424 422 420 421 422 425 427 427 422 415 410 401 391 383 376 367 359 354 354 352 356 362 368 374 380 387 392 395 389 382 373 366 364 366 367 368 367 365 365 369 375 384 392
396 403 407 413 419 426 432 436 442 450 458 465 471 478 487 495 498 502 505 510 512 513 513 513 514 519 525 528 525 515 508 505 506 505 500 492 485 480 476 474 469 462 453 444 439 434 432 431 430 426 426 424 422 420 421 422 425 427 427 422 415 410 401 391 383 376 367 359 354 354 355 359 364 370 376 382 388 393 395 389 381 373 368 367 368 370 371 370 369 369 372 378 387 395
385 391 395 401 407 413 420 423 430 438 458 465 471 478 487 495 498 502 505 510 512 513 513 513 514 519 525 528 525 515 508 505 506 505 500 492 485 480 476 474 469 463 453 444 439 436 434 434 434 432 431 429 427 426 427 430 432 433 430 423 416 410 403 395 386 378 369 362 357 356 358 361 366 371 378 385 390 393 395 387 380 374 371 370 371 372 373 372 370 370 373 379 388 397
385 391 395 401 407 413 420 423 430 438 447 456 462 468 477 486 492 498 502 509 512 515 516 517 519 524 529 531 528 519 514 513 512 511 505 497 491 485 480 477 471 464 454 445 442 440 439 440 440 437 435 433 431 431 433 436 438 437 431 423 416 412 405 398 388 378 370 363 359 358 359 363 367 374 382 388 393 395 395 385 379 376 374 373 374 376 377 375 372 370 373 379 388 397
378 383 388 393 399 405 412 415 422 430 439 449 455 460 469 478 485 493 498 506 510 514 516 518 520 525 530 532 530 524 519 517 517 516 508 499 493 487 483 479 473 464 455 447 445 443 443 444 443 438 437 435 434 434 436 438 440 437 431 422 416 413 407 399 389 379 370 364 360 359 360 363 368 376 384 390 394 395 392 385 380 378 377 377 378 378 378 376 372 370 372 378 387 398
373 378 382 386 390 396 402 406 411 420 428 437 442 448 456 466 474 483 489 498 504 509 513 517 519 524 529 533 533 528 523 521 520 518 510 501 494 489 485 481 474 464 456 451 450 449 448 446 443 438 436 435 435 435 436 436 435 432 426 419 415 414 409 402 392 381 372 365 361 359 360 363 369 376 383 389 392 393 391 388 385 383 382 382 383 383 380 378 373 370 372 377 387 398
372 377 380 383 385 390 396 399 407 414 421 427 433 439 446 455 463 472 479 490 496 502 507 512 515 520 526 532 535 529 524 519 517 515 508 500 493 488 485 481 474 466 458 454 453 452 449 445 439 433 432 431 432 432 431 429 426 422 418 413 411 412 409 402 394 384 375 367 362 360 360 363 369 374 379 384 387 389 390 391 390 388 387 388 389 387 384 381 375 371 373 378 388 398
374 379 382 385 388 391 396 401 409 415 419 424 430 436 442 450 456 464 471 482 488 495 500 504 507 512 519 527 531 526 519 513 510 508 502 495 488 484 481 478 473 466 459 455 453 451 445 437 428 423 422 422 423 423 420 415 411 408 407 405 405 405 402 398 391 382 374 368 364 362 362 364 368 371 374 377 381 384 389 391 392 391 391 392 393 392 390 385 377 373 374 380 389 399
377 382 386 389 392 397 402 407 414 419 423 426 431 437 443 449 454 460 466 476 482 487 492 496 498 504 511 520 525 521 514 508 504 501 495 488 483 480 477 474 470 466 459 454 451 447 439 428 417 413 412 412 412 411 407 402 398 397 397 396 396 396 395 392 386 379 373 368 365 364 365 366 368 371 372 374 377 381 387 391 393 394 395 397 399 398 395 389 380 374 376 383 392 400
380 385 390 394 399 404 411 415 420 425 429 433 438 443 448 452 456 461 466 475 480 484 488 491 492 499 507 515 520 517 512 506 501 497 490 483 479 476 472 469 467 462 457 452 448 441 433 421 406 405 405 405 405 402 399 394 390 390 390 389 388 388 388 386 381 375 369 366 365 366 367 369 372 374 375 375 376 379 384 387 391 394 396 400 403 403 399 393 383 377 378 385 393 401
384 388 394 399 405 412 420 423 427 431 435 442 447 451 454 458 460 465 469 478 481 485 488 490 492 498 506 513 516 514 511 506 499 494 487 481 477 473 469 467 463 458 453 450 445 436 427 416 402 401 402 402 401 398 396 392 389 388 387 384 383 383 382 380 376 372 367 364 365 368 370 374 378 379 380 379 378 378 381 385 388 392 396 401 406 407 403 397 388 383 383 388 395 401
387 392 397 403 410 418 425 429 433 437 444 451 455 458 461 464 467 471 475 483 487 491 493 495 496 502 510 514 515 513 509 503 496 491 484 479 474 471 468 465 459 454 449 445 441 431 421 411 400 400 402 402 401 399 398 396 394 391 386 383 381 381 379 377 373 370 367 365 367 370 372 376 380 384 386 386 384 382 381 383 385 389 393 399 405 408 407 404 397 392 391 393 397 402
391 395 400 406 414 422 430 434 438 445 453 459 463 465 467 471 474 478 482 489 494 498 501 502 503 507 514 517 516 512 506 498 490 486 480 475 471 468 464 460 455 449 445 440 435 427 417 408 399 399 402 404 404 403 402 401 400 395 388 384 381 380 378 376 372 369 368 368 369 372 374 377 381 387 391 392 391 388 383 382 383 385 389 395 402 407 410 410 406 402 399 398 400 403
393 398 402 407 415 424 433 437 442 450 459 464 467 468 471 475 479 483 486 494 499 504 506 508 508 511 516 518 517 512 504 495 486 481 476 471 467 463 459 455 451 446 441 437 433 425 415 407 400 401 403 406 407 407 406 404 402 396 390 386 383 381 379 376 374 372 370 370 370 373 375 378 382 388 394 396 395 392 384 381 381 383 387 393 400 407 411 412 411 408 404 402 402 404
396 401 406 411 419 428 438 443 449 457 465 470 473 475 478 481 484 488 496 500 506 511 513 514 514 516 519 519 516 511 502 491 480 474 467 462 456 451 448 445 443 440 437 434 430 423 415 408 405 404 406 410 412 413 411 407 403 398 394 391 388 387 385 383 381 379 377 375 374 374 376 379 383 389 396 399 400 397 387 382 380 382 386 391 399 406 411 413 415 414 410 407 405 406
399 404 410 417 426 434 442 448 456 463 470 475 479 483 485 487 489 492 501 506 512 517 520 521 521 520 521 518 514 509 501 489 476 468 459 453 445 440 437 435 434 434 432 430 427 420 414 410 409 408 410 415 417 418 415 409 403 398 396 396 396 396 394 392 390 388 385 381 379 377 378 380 384 391 397 401 404 402 391 384 381 383 386 391 398 405 411 414 417 418 416 412 410 409
402 409 415 422 431 438 446 452 460 467 473 479 483 488 490 492 494 496 505 511 517 522 525 526 525 522 518 513 508 503 497 486 473 464 453 445 437 431 429 427 427 428 427 424 421 415 411 410 410 410 413 417 420 420 417 410 402 397 396 399 402 402 402 402 399 396 392 388 383 381 381 383 386 392 399 403 406 405 394 388 385 385 387 391 398 406 412 415 419 422 421 412 410 409
405 413 420 427 434 442 450 456 464 471 476 483 488 493 495 497 498 500 510 517 523 528 529 529 527 521 513 506 500 493 487 481 471 462 450 439 432 427 425 424 423 423 422 419 415 411 409 410 410 412 415 419 422 422 419 411 401 396 396 399 404 406 402 402 399 396 392 388 383 381 381 383 386 392 399 403 406 405 394 388 385 385 387 391 398 406 412 415 419 422 421 418 416 414
407 414 422 429 435 444 453 459 467 474 481 487 493 498 500 502 503 506 517 523 527 530 530 528 527 520 509 499 490 480 473 471 465 462 450 439 432 427 425 424 423 423 422 419 415 411 409 410 410 412 415 419 422 422 419 411 401 396 396 399 404 406 408 409 406 402 398 392 387 384 385 387 389 394 400 404 406 405 396 391 389 388 390 393 399 406 411 415 421 424 426 426 423 422
410 417 422 429 435 444 453 459 467 474 481 487 493 498 500 502 503 506 517 523 527 530 530 528 527 520 509 499 490 480 473 471 465 457 446 435 429 426 424 423 421 420 418 415 412 409 408 410 412 414 417 420 422 423 419 410 400 395 395 399 403 406 410 412 411 407 401 394 389 388 389 391 394 397 400 404 406 401 398 394 392 392 393 395 400 405 410 414 419 424 428 431 431 430
410 417 425 431 438 446 456 462 470 478 485 493 499 503 506 508 509 513 524 529 530 530 528 527 526 519 507 494 482 470 462 461 457 451 441 432 427 425 425 423 420 418 416 413 412 410 410 411 414 416 419 422 424 423 418 408 398 395 395 398 404 407 412 415 415 412 405 397 393 391 392 394 398 401 404 406 406 401 398 396 395 396 396 397 400 404 408 410 415 421 427 433 437 438
416 422 429 436 443 451 460 466 474 482 491 499 506 510 513 514 515 519 528 530 529 528 526 523 522 515 504 491 479 468 459 454 449 445 437 430 426 425 426 424 420 419 417 415 414 413 413 413 415 418 421 423 424 422 415 406 397 394 395 399 404 409 414 418 418 416 409 401 396 394 394 397 403 407 409 408 406 400 399 399 400 401 401 401 402 404 406 407 410 416 424 432 438 441
424 429 436 444 451 459 467 472 480 488 498 507 513 518 520 521 522 524 528 528 526 524 521 518 515 508 498 487 476 467 459 450 443 439 433 428 426 426 427 425 422 420 419 419 419 416 415 415 417 420 422 423 422 419 412 403 396 394 396 400 406 410 416 420 421 420 413 404 398 396 396 401 408 412 414 411 407 402 402 404 406 408 408 407 406 405 405 405 407 412 420 429 436 441
431 436 444 453 461 469 477 481 487 496 506 515 520 524 525 526 526 526 523 521 517 512 510 507 502 494 486 477 469 462 455 447 439 435 432 429 428 428 429 427 424 423 423 424 424 421 419 419 420 420 419 417 416 412 407 401 395 394 397 402 409 413 418 421 421 420 414 407 401 398 400 406 411 416 417 413 408 406 408 411 413 414 415 413 410 408 406 406 407 410 418 425 431 436
437 444 453 461 470 477 485 490 496 503 513 521 525 527 528 528 528 525 517 514 506 498 495 493 488 480 472 465 459 455 449 442 435 433 431 432 432 432 431 430 428 428 428 429 428 426 425 424 423 420 416 411 409 407 403 398 393 393 398 404 411 415 420 422 421 418 414 409 405 403 405 409 415 418 420 417 412 411 414 417 420 420 419 416 413 410 409 408 408 410 416 421 426 430
441 449 458 466 474 482 490 495 501 508 517 523 527 528 529 528 527 524 514 509 499 487 484 483 478 470 463 457 452 449 444 438 433 432 433 435 435 435 433 432 431 431 431 431 431 429 428 427 424 420 414 408 406 405 402 398 394 395 399 407 413 417 420 422 420 417 414 412 408 407 408 412 417 420 422 419 416 415 418 421 423 422 421 418 415 412 410 410 410 411 415 419 423 427
448 455 464 471 479 487 496 501 507 514 521 525 527 529 529 527 525 522 511 503 491 477 474 471 467 459 452 448 445 442 438 434 432 432 434 438 439 439 437 436 435 435 435 434 433 433 432 430 425 419 411 405 404 404 403 401 399 400 405 411 416 418 420 421 419 417 416 415 413 412 413 416 420 423 424 422 419 418 421 423 425 424 422 419 416 415 415 415 415 415 415 416 419 423
454 461 469 477 485 493 501 507 514 520 524 527 528 529 529 527 525 520 508 497 483 471 466 464 459 451 445 442 441 439 436 433 431 433 436 440 442 442 441 440 439 439 437 436 436 436 436 432 426 417 410 406 405 406 406 406 406 408 412 416 419 421 421 419 418 418 419 420 419 418 418 420 423 426 426 424 421 420 423 425 426 424 421 419 417 417 419 421 421 419 417 415 417 422
461 467 475 483 491 499 506 511 518 523 526 528 528 529 529 528 525 518 500 488 476 467 463 460 456 448 442 440 440 439 437 435 434 436 438 442 444 445 445 444 443 441 440 438 438 438 438 433 425 417 411 409 409 410 411 412 414 416 419 421 423 424 423 421 419 420 422 424 424 423 423 424 426 428 427 423 420 422 424 426 427 425 422 421 420 422 425 427 427 426 421 418 418 422
467 474 482 490 498 504 511 516 522 527 530 531 531 530 529 526 522 502 490 478 469 463 460 457 454 448 442 440 441 441 440 439 439 439 442 444 447 449 448 448 446 445 442 441 440 440 440 434 425 417 412 412 413 415 417 419 421 423 425 426 428 428 428 425 423 423 426 428 429 429 429 429 429 430 429 423 420 423 425 427 429 429 427 425 425 427 431 433 434 433 428 424 423 424
474 481 489 497 504 510 515 519 525 531 534 535 533 529 524 519 514 494 481 471 465 461 458 455 453 449 446 444 445 445 445 443 443 443 445 448 451 453 452 451 451 449 447 445 444 444 443 433 424 418 415 415 417 419 422 424 427 428 431 432 433 434 433 430 427 427 429 431 433 435 435 434 434 434 434 428 422 425 426 430 435 437 435 432 430 431 434 437 439 439 436 433 430 429
479 488 496 503 510 515 519 522 528 534 537 538 534 527 518 509 504 487 476 468 463 461 458 455 454 452 450 449 450 450 449 447 447 448 450 454 456 457 456 455 456 454 452 449 447 447 445 431 423 418 417 418 420 423 427 430 433 435 437 438 439 439 437 434 431 430 431 434 438 440 440 439 438 440 440 434 427 426 429 434 441 445 444 440 437 436 438 440 443 445 444 442 439 436
482 490 498 505 511 516 520 522 528 533 536 538 534 525 514 503 498 486 475 467 464 463 460 457 457 456 456 455 454 453 452 452 452 453 455 457 459 460 459 459 460 459 456 451 449 447 444 428 422 419 419 421 423 427 431 435 438 441 443 445 445 444 441 437 434 432 433 437 440 443 443 442 443 444 445 439 432 429 433 439 447 451 452 448 444 442 442 444 448 451 450 449 446 444
481 490 497 505 512 516 520 522 526 530 533 536 532 524 512 501 497 486 475 469 467 466 464 462 461 462 461 459 458 457 457 457 457 458 459 461 462 463 462 463 464 463 459 452 448 445 442 427 422 421 422 424 426 430 434 439 443 446 449 451 451 449 446 441 437 435 438 441 444 445 445 445 446 448 449 443 436 434 438 445 452 457 458 457 444 442 442 444 448 451 450 449 446 444
478 486 495 502 510 515 518 520 524 528 531 532 530 523 512 502 498 486 476 470 468 468 467 465 465 464 463 462 460 460 460 459 459 459 460 462 464 465 464 464 466 465 460 452 447 444 441 427 423 423 425 428 429 432 437 439 443 446 449 451 451 449 446 441 437 435 438 441 444 445 445 445 446 448 449 443 432 434 438 445 452 457 458 457 454 450 450 451 455 457 457 455 453 451
470 479 488 497 505 511 516 519 522 525 527 528 525 519 511 504 500 488 480 474 472 471 471 469 469 464 463 462 460 460 460 459 459 459 460 462 464 465 464 464 466 465 460 452 447 444 441 427 423 423 425 428 429 432 437 441 445 449 452 454 454 452 448 443 439 439 441 445 447 447 447 447 448 450 451 445 436 438 442 448 454 459 462 463 461 457 456 457 460 462 461 459 456 456
470 479 488 497 505 511 516 519 522 525 527 528 525 519 511 504 500 488 480 474 472 471 471 469 469 467 466 464 462 462 462 462 461 460 461 462 465 468 468 467 466 464 458 451 447 443 439 429 427 429 432 434 436 438 441 445 449 452 455 457 457 455 451 447 445 445 448 451 452 452 451 450 452 454 453 448 441 443 446 452 458 462 467 469 468 466 466 467 469 469 467 464 462 462
464 473 483 493 502 509 515 519 522 523 524 523 519 514 509 504 501 492 486 480 476 475 474 473 472 470 468 466 464 464 465 464 463 460 460 462 466 470 472 470 466 462 457 451 448 444 439 432 433 435 439 441 442 444 446 450 453 455 457 458 459 458 455 452 451 452 455 458 459 458 457 456 458 458 456 451 447 448 450 455 461 467 472 474 475 475 475 475 476 476 473 471 470 470
