large_terrain.grd
DSAA
210 162
38526449.96282 38530187.053219
2790515.1556343 2793393.9668987
233 881
[rows 42 to 83 of 162, columns 0 to 93 of 210]
489 483 477 472 467 461 453 444 436 429 423 414 405 396 388 382 379 377 375 373 368 364 360 357 354 350 344 340 335 332 327 324 320 312 302 290 280 273 270 270 273 280 286 291 296 301 307 313 320 327 331 335 343 347 352 355 358 359 360 362 363 364 367 369 371 373 376 382 388 393 395 393 388 385 387 391 398 405 411 415 419 428 432 434 435 435 431 427 426 428 432 437 442 449
489 483 477 472 467 461 453 444 436 429 423 414 405 396 388 382 379 377 375 373 368 364 360 357 354 350 346 342 337 334 330 327 322 315 306 295 285 276 272 271 274 280 285 289 292 296 301 307 315 321 326 330 342 348 354 358 361 363 363 366 369 371 373 373 373 375 377 383 389 393 396 394 390 388 389 392 397 403 408 414 419 430 435 437 439 440 436 431 429 428 431 435 439 446
490 485 478 472 467 461 453 443 436 428 423 412 402 393 386 382 380 377 372 368 364 360 357 353 349 345 341 337 334 332 328 324 320 314 307 299 290 282 279 277 279 282 284 287 290 294 300 306 313 319 325 338 345 352 359 362 364 366 367 370 374 378 379 378 376 376 378 382 388 392 394 395 395 395 394 396 399 404 410 415 420 431 437 440 443 445 442 437 433 431 432 435 439 446
491 486 479 472 467 460 452 442 434 425 419 410 400 392 387 385 381 375 368 364 359 355 350 345 340 336 333 331 329 328 324 320 316 313 309 303 296 290 287 285 284 285 285 286 289 295 301 306 314 321 328 342 350 358 364 367 369 370 372 375 380 384 386 383 380 379 380 383 387 391 393 396 400 401 401 401 403 407 412 417 421 432 438 441 446 449 447 443 439 436 436 437 440 446
490 485 477 470 464 460 452 440 431 421 415 406 398 393 390 388 382 372 364 361 356 351 340 333 329 326 326 326 326 323 319 314 312 312 310 307 301 296 293 291 289 287 287 288 292 298 304 309 316 324 332 348 355 362 368 370 373 376 378 381 385 390 392 391 389 387 386 386 388 391 394 399 403 405 406 407 409 412 416 420 424 432 438 442 448 452 451 449 445 442 439 440 442 447
486 480 471 465 461 460 453 442 431 420 413 404 397 394 392 388 382 371 362 359 354 348 332 324 320 320 323 325 324 321 315 312 312 313 312 309 305 300 297 295 292 290 289 292 296 302 309 313 320 329 338 354 361 366 371 374 378 382 385 388 392 396 398 399 398 396 394 393 393 394 397 402 406 408 411 413 416 419 421 424 427 436 441 445 451 456 457 455 452 448 444 442 444 448
482 475 465 460 458 458 453 445 434 422 414 403 396 393 390 386 380 370 362 358 353 347 328 321 317 320 324 325 324 321 315 313 314 315 314 311 306 301 299 297 293 291 291 295 300 306 312 316 323 332 341 357 364 368 373 376 381 386 389 392 396 399 402 403 403 402 401 400 400 399 400 404 408 410 414 417 420 423 426 428 431 439 444 448 454 459 461 460 456 452 448 445 446 449
478 470 460 453 451 451 449 445 436 426 418 405 394 388 385 381 376 368 361 358 352 346 328 321 319 322 326 327 325 322 318 318 319 319 317 314 308 302 300 298 296 294 293 297 302 308 316 320 328 337 345 360 366 371 376 379 385 391 395 399 402 405 408 409 409 410 410 410 409 406 406 408 411 414 418 422 426 429 431 432 435 444 449 452 457 462 465 465 463 460 455 452 452 452
475 467 456 447 442 441 441 440 435 427 420 406 392 384 379 375 371 365 360 357 351 336 329 325 324 326 330 330 327 325 323 324 325 325 321 316 309 303 301 300 300 299 297 298 302 308 316 322 331 340 347 360 367 373 378 383 389 395 399 403 407 411 412 414 414 415 416 417 415 413 412 413 415 417 420 425 429 432 433 435 438 446 450 453 458 462 466 468 468 467 464 460 458 455
472 464 451 439 433 430 430 430 426 420 413 401 387 379 375 372 369 364 359 355 348 335 331 329 329 332 335 335 333 332 330 329 329 327 322 316 308 302 301 302 304 304 302 301 301 305 312 318 329 338 345 358 365 371 377 381 388 394 399 402 407 410 413 414 415 416 418 418 417 415 415 415 416 418 420 422 425 428 431 434 437 444 448 451 455 460 464 469 471 472 470 466 463 459
467 458 445 433 425 422 421 420 416 409 402 391 381 376 374 373 370 365 358 352 344 334 332 333 335 338 342 343 342 340 337 334 330 325 319 313 307 302 301 304 308 309 308 305 302 303 308 314 324 334 341 353 359 366 372 377 383 389 393 396 401 405 408 410 411 414 416 415 414 415 415 416 416 416 417 418 419 423 426 430 434 441 445 448 452 457 463 468 472 475 474 470 466 462
459 451 440 429 422 419 417 414 408 398 391 382 376 375 376 376 374 368 358 350 341 335 335 336 340 344 349 352 351 349 344 338 330 321 312 307 303 302 303 306 311 313 314 310 306 304 306 311 319 326 332 343 349 355 362 367 373 376 378 381 388 394 397 401 404 406 408 408 408 410 411 412 413 413 413 414 415 418 423 427 432 440 445 448 453 459 464 469 473 477 476 473 470 467
453 446 435 426 421 419 416 411 403 392 385 378 375 376 379 381 379 371 359 350 341 338 338 340 344 350 356 359 358 355 349 340 329 317 306 301 301 302 305 309 314 317 320 318 312 308 307 309 313 318 323 333 339 345 351 355 359 362 364 368 375 381 387 393 397 399 400 401 402 404 406 408 409 409 410 411 414 418 423 428 439 444 448 452 457 463 468 473 477 480 480 477 475 473
451 444 434 426 422 420 416 411 401 391 385 380 377 379 382 383 381 372 361 352 344 340 341 343 348 354 359 360 358 356 349 341 328 315 306 301 301 305 308 312 317 322 326 325 320 314 309 308 310 313 317 327 333 339 344 346 349 352 356 360 366 372 380 387 391 394 395 396 398 400 403 404 406 407 410 413 417 422 426 432 444 449 454 458 463 469 475 479 483 486 485 483 480 477
455 447 436 428 423 421 417 411 402 393 389 384 381 382 384 384 382 374 364 356 347 342 343 345 349 354 357 356 354 351 347 340 329 317 308 303 304 309 312 316 321 325 330 330 328 321 315 312 312 314 317 326 331 338 343 345 347 350 355 360 364 369 376 383 388 392 392 394 395 398 401 404 407 409 413 417 422 427 431 438 450 456 462 466 471 477 483 487 490 491 490 487 485 482
459 452 440 430 424 421 416 410 402 395 391 386 384 384 385 384 382 377 368 359 350 342 342 343 347 351 352 350 346 344 342 338 330 320 311 306 307 311 315 318 323 327 332 333 332 326 319 317 316 318 321 329 334 340 346 348 350 353 357 362 366 370 376 383 388 391 392 393 395 398 402 405 409 412 416 420 425 430 435 442 455 456 462 466 471 477 483 487 490 491 490 487 485 482
465 458 446 434 425 421 416 410 403 396 393 389 386 386 385 384 382 380 374 366 356 342 338 338 339 341 341 339 336 334 334 333 328 321 313 309 310 314 316 321 325 331 336 339 337 332 327 326 326 327 321 329 334 340 346 348 350 353 357 362 366 370 376 383 388 391 392 393 395 398 402 405 409 412 416 420 425 430 435 442 455 461 468 471 476 483 489 493 495 495 494 491 488 486
467 462 451 438 428 422 416 410 402 396 392 389 388 387 386 384 383 381 374 366 356 342 338 338 339 341 341 339 336 334 334 333 328 321 313 309 310 314 316 321 325 331 336 339 337 332 327 326 326 327 330 338 343 348 353 355 358 361 364 368 370 373 379 386 390 393 395 396 398 401 405 409 414 416 421 426 431 437 442 448 462 469 475 478 484 490 495 500 502 502 501 497 494 492
467 462 451 438 428 422 416 410 402 396 392 389 388 387 386 384 383 381 377 372 361 341 334 331 328 328 328 328 326 325 325 325 322 317 312 309 310 314 316 321 327 334 342 345 342 337 334 335 336 337 343 348 353 358 362 365 367 370 372 375 376 378 383 389 394 398 401 402 403 405 409 414 419 421 426 432 438 444 450 455 470 476 482 485 490 496 501 505 508 510 509 506 502 499
470 466 456 444 433 424 416 409 401 393 389 385 385 386 386 384 381 378 375 371 363 341 331 324 319 318 319 320 320 319 317 315 311 308 307 307 308 312 315 321 329 338 347 350 346 342 340 340 341 343 351 356 362 367 372 374 376 379 380 382 383 386 390 395 399 404 408 408 409 410 413 417 422 425 430 436 443 450 457 464 477 483 489 493 498 503 508 512 516 519 518 515 511 506
473 470 461 449 436 426 416 407 398 387 380 375 376 379 381 380 377 372 368 366 361 340 328 319 312 311 312 314 315 314 311 308 305 303 304 305 307 310 315 323 331 341 349 352 350 347 344 344 344 346 356 363 370 374 378 380 383 386 387 389 391 393 396 401 405 410 414 414 415 416 417 420 425 428 434 439 446 454 462 471 483 489 495 500 505 511 516 521 525 527 526 523 519 513
476 472 462 449 433 420 410 401 390 376 368 361 360 365 370 372 369 362 356 355 351 335 325 317 312 310 311 312 312 312 309 306 304 303 303 305 307 311 315 324 333 341 348 352 353 351 348 346 346 347 359 365 371 376 380 383 387 390 392 394 396 399 402 406 410 415 418 418 419 421 422 425 428 431 436 441 447 455 464 473 485 490 498 503 511 517 522 527 531 533 531 527 524 520
479 474 463 447 427 409 398 393 381 365 356 349 345 348 356 360 359 351 345 342 337 326 322 319 316 313 312 311 311 311 309 307 305 304 304 305 308 313 318 325 334 341 348 353 355 354 351 349 347 349 360 365 371 376 381 385 390 394 397 399 401 404 407 411 414 419 422 423 425 426 428 431 433 436 440 445 450 457 465 473 485 491 498 504 513 519 524 529 533 535 534 532 530 527
480 475 463 446 424 400 388 387 377 361 354 347 340 338 344 348 348 341 334 331 325 317 317 319 320 317 315 313 312 312 310 308 306 304 305 306 309 314 319 326 334 342 349 354 358 358 356 354 351 351 359 365 371 377 384 388 394 398 401 403 405 408 412 416 419 423 426 429 432 434 435 437 440 443 447 451 456 461 467 474 485 491 499 504 512 518 522 527 532 535 536 536 535 534
482 477 465 449 427 402 387 384 377 364 360 355 346 339 339 340 339 333 327 323 314 312 313 319 322 321 318 316 315 314 311 308 306 305 306 308 312 316 320 327 335 342 349 356 361 362 361 359 355 353 359 366 373 380 388 393 399 403 406 409 412 414 417 421 423 428 432 436 440 442 443 445 448 451 456 461 464 467 471 477 487 494 501 505 511 515 519 524 529 534 537 539 540 541
482 477 466 451 431 407 390 385 378 369 366 362 354 344 340 338 335 329 324 322 315 313 315 319 323 322 321 319 317 316 312 308 306 306 307 309 313 317 321 327 334 341 349 356 362 365 365 363 357 354 359 366 374 382 391 396 402 407 410 413 417 419 422 424 427 431 437 441 445 447 448 450 453 457 462 467 470 472 475 480 490 497 504 507 512 515 519 523 528 533 537 540 541 544
481 476 466 452 434 413 397 388 382 377 375 372 366 356 347 339 333 327 323 323 321 320 321 323 324 324 324 324 323 320 314 309 307 307 308 310 314 319 322 327 334 341 350 358 365 368 368 366 360 356 361 368 376 384 393 399 407 413 417 421 424 427 429 431 433 438 443 449 454 456 457 458 461 465 471 476 478 480 482 486 496 503 509 513 516 518 520 523 527 532 537 540 543 546
476 473 464 452 435 415 399 390 385 382 381 378 373 365 355 345 336 329 325 326 327 328 329 329 329 328 329 330 329 326 318 310 308 307 309 311 315 320 323 328 334 342 351 360 366 369 369 367 362 358 363 369 376 384 393 400 410 417 423 428 431 434 435 438 441 446 451 456 461 464 465 466 469 473 478 482 485 487 489 493 503 510 517 520 522 522 523 524 528 531 536 540 542 547
470 466 458 448 432 415 400 393 390 387 385 381 377 371 364 353 342 335 332 332 335 337 339 339 337 336 335 336 336 333 323 312 308 308 309 312 317 322 325 329 335 343 351 359 364 367 367 366 363 361 364 368 374 382 391 399 409 417 424 431 435 439 441 445 449 454 459 464 468 471 473 474 477 480 484 488 491 494 496 504 510 517 523 526 527 527 526 527 528 531 535 539 542 547
466 460 451 442 429 415 404 399 396 393 391 386 382 377 373 363 351 344 342 341 342 345 349 348 346 343 341 341 340 337 327 315 310 309 310 314 318 323 326 331 336 341 348 354 359 362 365 366 366 365 364 367 371 378 387 395 407 417 425 432 438 443 447 452 456 461 467 472 476 478 480 482 485 487 491 495 499 501 504 511 517 523 528 530 531 531 530 529 530 532 535 540 542 548
463 457 447 436 425 415 409 405 403 400 398 394 389 385 382 374 364 358 353 350 347 350 354 354 352 349 345 342 339 335 326 317 313 311 312 315 320 325 328 331 334 338 341 346 352 359 364 367 369 369 365 366 369 376 386 394 406 417 426 434 441 447 453 459 463 468 474 479 483 485 487 490 493 495 499 503 506 508 509 516 521 526 531 533 535 535 534 533 533 534 537 540 543 549
462 457 446 433 422 416 413 411 409 407 406 403 399 395 390 384 377 371 365 360 351 353 355 357 356 353 348 342 336 332 326 320 315 313 314 318 323 328 330 332 332 334 337 343 351 359 366 370 372 372 368 367 370 377 388 396 408 419 428 438 445 452 460 467 471 476 481 486 491 493 495 498 501 503 506 510 513 515 516 520 524 529 533 536 538 539 539 538 538 538 540 544 546 551
460 456 446 435 424 417 414 413 412 412 413 413 411 405 400 393 387 382 375 370 358 355 355 356 356 353 348 341 335 332 327 322 318 316 317 320 325 330 332 333 333 335 339 345 353 362 369 372 373 374 374 374 376 383 394 401 412 423 433 444 453 461 469 477 480 485 489 493 497 500 503 507 511 503 506 510 513 515 516 520 524 529 533 536 538 539 539 538 538 538 540 544 546 551
456 453 445 435 425 419 417 415 415 417 419 422 421 417 410 402 396 390 385 380 366 360 356 355 354 352 347 341 337 334 331 327 322 319 321 323 327 331 334 335 336 339 339 345 353 362 369 372 373 374 374 374 376 383 394 401 412 423 433 444 453 461 469 477 480 485 489 493 497 500 503 507 511 514 516 518 522 525 523 524 526 530 535 537 540 542 543 543 543 544 546 548 550 555
452 449 442 434 426 421 419 417 416 419 419 422 421 417 410 402 396 390 385 380 366 360 356 355 354 352 347 341 337 334 331 327 322 319 321 323 327 331 334 335 336 339 343 350 357 364 370 372 374 379 381 383 385 391 400 407 417 428 439 451 462 472 480 486 489 493 497 501 505 509 512 517 523 526 529 530 533 535 532 528 529 532 536 538 541 544 546 547 548 548 551 554 556 560
452 449 442 434 426 421 419 417 416 419 422 426 427 424 416 407 399 393 389 385 370 364 358 355 352 350 346 340 337 335 333 330 326 322 323 324 328 333 335 337 338 341 345 351 359 365 369 372 374 382 386 388 390 395 404 410 420 431 443 456 467 478 485 492 495 498 502 506 510 514 519 525 530 534 537 539 540 541 537 531 532 534 537 539 543 546 548 549 550 551 553 557 559 563
444 442 437 432 428 425 423 421 419 420 423 428 433 431 424 413 404 397 391 386 372 367 363 357 351 346 343 340 338 337 336 334 331 327 326 327 330 334 337 339 341 343 347 353 360 365 369 371 376 387 392 394 396 400 408 414 423 434 446 460 473 484 492 498 500 504 508 513 518 523 529 534 540 545 548 550 549 547 544 537 536 537 539 540 544 548 550 551 553 554 557 561 564 568
438 437 435 433 431 429 427 424 422 421 424 430 436 436 430 420 410 400 391 386 372 370 366 358 350 344 341 340 340 340 340 339 335 331 329 329 331 334 337 339 341 344 348 354 361 366 370 373 377 391 397 399 400 404 412 417 426 436 448 463 476 487 496 502 505 510 515 521 527 533 539 544 549 554 558 559 557 553 550 544 541 540 542 543 546 549 551 553 555 557 561 565 568 571
434 435 436 436 434 432 430 427 424 424 427 433 438 440 435 427 417 405 394 386 371 369 366 359 351 346 343 343 344 344 343 342 338 334 331 330 332 334 335 337 340 344 349 355 362 368 373 376 381 394 400 403 405 409 416 420 428 438 449 463 475 487 496 505 510 516 522 529 535 541 547 552 557 561 564 566 563 560 556 550 547 545 545 547 549 552 553 555 558 561 565 570 572 576
434 437 439 440 438 435 432 430 428 429 431 437 442 444 440 433 424 412 398 388 369 368 366 360 353 350 350 350 349 348 347 345 341 336 333 332 332 333 334 337 341 346 352 357 363 370 377 380 385 398 404 408 411 415 419 423 430 440 451 461 473 484 496 506 512 520 528 536 543 549 556 561 565 568 571 573 571 569 565 557 553 550 550 551 553 555 557 559 562 566 571 576 578 582
438 441 445 446 443 439 436 434 432 433 436 442 447 448 444 437 430 418 404 394 370 367 365 363 360 358 357 356 354 352 350 347 341 336 334 333 334 335 337 340 345 350 355 360 365 372 380 384 388 401 408 413 417 420 423 426 433 441 451 461 472 483 494 506 513 523 532 541 549 556 563 568 573 575 578 579 579 577 573 564 559 556 554 554 557 560 562 565 568 572 577 581 584 589
443 447 450 452 450 447 444 439 437 438 441 446 452 452 447 439 433 424 412 385 373 368 366 367 368 366 364 362 359 356 353 349 343 337 334 334 337 340 342 345 349 354 359 364 369 376 384 388 393 405 412 418 422 425 428 430 436 443 452 461 471 482 494 506 513 524 534 544 553 561 569 574 579 581 584 586 586 585 581 572 567 562 559 558 561 565 568 571 574 577 581 587 590 596
