samll_terrain.grd
DSAA
50 39
0 9
0 7
24.997953414917 104.25473022461
[rows 0 to 19 of 39, columns 0 to 43 of 50]
90.71220397949219 88.954345703125 86.58235931396484 84.09555816650391 81.50772094726563 78.83554077148438 76.09785461425781 73.31507110595703 70.50870513916016 67.70122528076172 64.91605377197266 62.17781066894531 59.51259231567383 56.94818496704102 54.51390075683594 52.23924255371094 50.15044403076172 48.26422500610352 46.58011245727539 45.07514572143555 47.59589767456055 50.42044830322266 53.25373840332031 56.03042221069336 58.69230651855469 61.19541168212891 63.51812744140625 63.87345123291016 60.31686782836914 56.67730712890625 53.01985931396484 49.40815734863281 45.89236450195313 42.49515151977539 40.90655899047852 44.63207626342773 48.27885818481445 51.69028854370117 54.69610595703125 53.77703857421875 51.93246841430664 49.68589019775391 47.13843536376953 44.3642692565918
91.56683349609375 89.75083160400391 87.47592163085938 84.97271728515625 82.32840728759766 79.57942962646484 76.75296783447266 73.87431335449219 70.96847534179688 68.06068420410156 65.17694854736328 62.34466171264648 59.59356307983398 56.95697402954102 54.47342681884766 52.18827438354492 50.15518569946289 48.44284439086914 47.19157028198242 46.95389175415039 48.5843505859375 51.20036697387695 54.04076385498047 56.85372543334961 59.49249267578125 61.80060195922852 63.4256477355957 63.18856430053711 60.65435791015625 57.30049133300781 53.77061080932617 50.31343841552734 47.13755035400391 44.65298080444336 44.24391555786133 46.68752288818359 50.08266067504883 53.3455696105957 55.50845718383789 55.40849685668945 53.78021240234375 51.49617385864258 48.86096954345703 45.99666213989258
92.36972045898438 90.51161193847656 88.29297637939453 85.80543518066406 83.13096618652344 80.32294464111328 77.42042541503906 74.45636749267578 71.46098327636719 68.46343231201172 65.49307250976563 62.58084869384766 59.76101684570313 57.07387542724609 54.5703239440918 52.31925582885742 50.41815948486328 49.00769424438477 48.3006477355957 48.60615921020508 50.08668899536133 52.40389633178711 55.07073211669922 57.74502944946289 60.16631317138672 62.04880905151367 62.98310089111328 62.47818756103516 60.50032424926758 57.63576889038086 54.46341323852539 51.39601135253906 48.82723617553711 47.27996444702148 47.38863372802734 49.25625991821289 52.12369537353516 55.05668640136719 56.98717498779297 56.94388580322266 55.40510177612305 53.1496696472168 50.51772308349609 47.65034866333008
93.25817108154297 91.36463165283203 89.14507293701172 86.64998626708984 83.94244384765625 81.07859802246094 78.10527038574219 75.06236267089844 71.98540496826172 68.90760803222656 65.86180114746094 62.88244247436523 60.00786209106445 57.28378677368164 54.76992416381836 52.55268859863281 50.76565933227539 49.60394668579102 49.28571701049805 49.94103622436523 51.50857925415039 53.72722244262695 56.25418853759766 58.76973724365234 60.97247695922852 62.52480316162109 63.05808639526367 62.35208129882813 60.52392959594727 57.95822525024414 55.10340118408203 52.39042663574219 50.28158569335938 49.27880096435547 49.70446014404297 51.44269943237305 54.01087951660156 56.82360458374023 59.19938278198242 58.59414291381836 56.86692047119141 54.65286254882813 52.09547424316406 49.29759979248047
94.24837493896484 92.32170867919922 90.07297515869141 87.54209899902344 84.78432464599609 81.85648345947266 78.81029510498047 75.69092559814453 72.53811645507813 69.38833618164063 66.27732086181641 63.24256896972656 60.32553100585938 57.57434844970703 55.04916381835938 52.83560943603516 51.07750701904297 50.03059768676758 50.00050354003906 51.00983428955078 52.79457855224609 55.06315994262695 57.5410270690918 59.96178436279297 62.04975128173828 63.46126174926758 63.74334335327148 62.76461410522461 60.86113739013672 58.39410018920898 55.71113967895508 53.17673110961914 51.24208450317383 50.52718353271484 51.28423309326172 53.08847045898438 55.45909118652344 57.91669845581055 59.69435882568359 59.46714019775391 58.01724243164063 56.00203323364258 53.60074996948242 50.92672729492188
95.34538269042969 93.38545227050781 91.08775329589844 88.49465942382813 85.66426086425781 82.65780639648438 79.53188323974609 76.33558654785156 73.11124420166016 69.89701843261719 66.73045349121094 63.65170288085938 60.70557403564453 57.94194793701172 55.41615676879883 53.19328308105469 51.37162780761719 50.21621322631836 50.4461669921875 51.95011520385742 54.03945922851563 56.42988967895508 58.91829681396484 61.29700088500977 63.34988784790039 64.84060668945313 64.97962188720703 63.5328254699707 61.43953323364258 58.95972061157227 56.34468841552734 53.85954666137695 51.79082489013672 51.11233901977539 52.43111419677734 54.38484191894531 56.59210586547852 58.62834930419922 59.92127990722656 60.00043487548828 58.99895095825195 57.27848052978516 55.07696914672852 52.54813003540039
96.55162811279297 94.55520629882813 92.18746948242188 89.50362396240234 86.57464599609375 83.47158050537109 80.25698852539063 76.98274230957031 73.69158172607422 70.4208984375 67.20810699462891 64.09601593017578 61.13528823852539 58.38260650634766 55.89596939086914 53.72893905639648 51.92427825927734 50.50756072998047 51.04547500610352 53.08332824707031 55.40244293212891 57.88840103149414 60.39020538330078 62.7254753112793 64.67967224121094 65.98061370849609 65.90544128417969 64.32566070556641 62.12940216064453 59.62656021118164 57.06565856933594 54.7022819519043 52.83273315429688 52.34762954711914 53.69157791137695 55.64299011230469 57.73869323730469 59.56200408935547 60.69620132446289 60.87761688232422 60.12385940551758 58.62776565551758 56.59413909912109 54.18861770629883
97.86846160888672 95.82704925537109 93.35955810546875 90.54901123046875 87.49134826660156 84.27248382568359 80.96120452880859 77.61027526855469 74.25998687744141 70.94313812255859 67.69330596923828 64.5552978515625 61.59027862548828 58.87129974365234 56.47613525390625 54.48445892333984 52.99396514892578 52.24441528320313 52.85789489746094 54.66997909545898 56.97817230224609 59.47578811645508 61.96535491943359 64.2486572265625 66.07045745849609 67.0240478515625 66.66371917724609 65.10979461669922 62.87720108032227 60.3531379699707 57.83930587768555 55.65562057495117 54.21003723144531 53.99736022949219 55.10261917114258 56.9931640625 59.0910758972168 60.89742279052734 62.01058959960938 62.22285461425781 61.55418014526367 60.15752410888672 58.21152114868164 55.87480545043945
99.29664611816406 97.19122314453125 94.57555389404297 91.58998107910156 88.37043762207031 85.01908874511719 81.60768127441406 78.18668365478516 74.79107666015625 71.44402313232422 68.1669921875 65.00341033935547 62.03171920776367 59.35133361816406 57.07097625732422 55.31025695800781 54.21243286132813 53.97067260742188 54.75848388671875 56.4539680480957 58.69676971435547 61.17035675048828 63.63454055786133 65.87858581542969 67.67607879638672 68.58551025390625 67.83927917480469 66.04392242431641 63.69942855834961 61.10647583007813 58.56330108642578 56.42251586914063 55.1221809387207 55.06768417358398 56.2943000793457 58.36926651000977 60.69343948364258 62.68748092651367 63.86761093139648 64.04066467285156 63.32057571411133 61.90117645263672 59.95274353027344 57.6187744140625
100.8366928100586 98.623046875 95.77454376220703 92.55308532714844 89.14376068115234 85.65364074707031 82.14788818359375 78.67063140869141 75.25164031982422 71.90195465087891 68.61210632324219 65.41116333007813 62.41240310668945 59.7495231628418 57.55980682373047 55.99682998657227 55.21829605102539 55.34109497070313 56.37278747558594 58.15994262695313 60.43622589111328 62.92292404174805 65.37065887451172 67.55422973632813 69.26406860351563 70.17169189453125 69.07039642333984 67.07852935791016 64.60544586181641 61.89174652099609 59.20946884155273 56.8979606628418 55.45241546630859 55.49783706665039 57.13558959960938 59.7082633972168 62.52223205566406 64.95963287353516 66.27751159667969 66.26653289794922 65.36190032958984 63.82619094848633 61.80389785766602 59.41410064697266
102.4891357421875 100.0447540283203 96.82131195068359 93.316162109375 89.71886444091797 86.10736083984375 82.52688598632813 79.01229858398438 75.59354400634766 72.28585052490234 69.01757049560547 65.74168395996094 62.68704605102539 60.0073356628418 57.84841156005859 56.40132141113281 55.86690902709961 56.33132171630859 57.6888313293457 59.71133041381836 62.13718032836914 64.70926666259766 67.17787933349609 69.28460693359375 70.73328399658203 71.13021850585938 70.17727661132813 68.19948577880859 65.63066101074219 62.7761116027832 59.89671325683594 57.25687789916992 55.27351379394531 55.27307510375977 57.76171875 61.0504150390625 64.45112609863281 67.59518432617188 69.13711547851563 68.66082763671875 67.53173065185547 65.857666015625 63.72786712646484 61.24189758300781
104.2547302246094 101.1242446899414 97.43739318847656 93.71142578125 89.99578857421875 86.31607055664063 82.696533203125 79.16374969482422 75.74769592285156 72.4818115234375 69.28997039794922 65.91558074951172 62.82848358154297 60.11775970458984 57.91458511352539 56.45743560791016 56.09673309326172 56.96661758422852 58.76906967163086 61.14011001586914 63.80745315551758 66.540283203125 69.10342407226563 71.22019195556641 72.54148864746094 72.71121215820313 71.624755859375 69.54325103759766 66.84420013427734 63.85216903686523 60.83648300170898 58.02399444580078 55.59280776977539 55.33953475952148 58.83555221557617 62.58320999145508 66.26567840576172 69.46418762207031 71.07598876953125 70.8211669921875 69.68400573730469 67.92746734619141 65.68817138671875 63.0817985534668
103.8064498901367 100.8962936401367 97.29435729980469 93.60443878173828 89.909912109375 86.24441528320313 82.63431549072266 79.10517120361328 75.68045043945313 72.36731719970703 69.1103515625 65.89096069335938 62.86923217773438 60.16397094726563 57.87311553955078 56.20649719238281 55.88260650634766 57.3802375793457 59.76829528808594 62.54221725463867 65.48799133300781 68.42787933349609 71.16492462158203 73.44479370117188 74.87127685546875 74.91210174560547 73.51911163330078 71.16728973388672 68.26622009277344 65.13839721679688 62.09368133544922 59.47892761230469 57.81827163696289 58.18710708618164 60.84604263305664 64.45638275146484 68.12368774414063 71.14146423339844 72.79016876220703 72.88263702392578 71.83363342285156 70.02007293701172 67.66603088378906 64.92008209228516
101.9217834472656 99.55998992919922 96.44443511962891 93.01665496826172 89.47428131103516 85.90380859375 82.35411071777344 78.85974884033203 75.44601440429688 72.12519836425781 68.89860534667969 65.79735565185547 62.90527725219727 60.30701446533203 58.05804443359375 56.18423080444336 55.47748565673828 58.06999588012695 60.95146560668945 64.03618621826172 67.21401977539063 70.34895324707031 73.28074645996094 75.82266235351563 77.68173980712891 77.64523315429688 75.68288421630859 72.97163391113281 69.82821655273438 66.5379638671875 63.45358276367188 61.03669738769531 59.88280868530273 60.54623031616211 62.99116516113281 66.50318908691406 70.24837493896484 73.40314483642578 75.13040924072266 75.20285034179688 74.07530975341797 72.14762878417969 69.65394592285156 66.74946594238281
100.1544418334961 97.999267578125 95.23999786376953 92.10604858398438 88.7728271484375 85.34800720214844 81.89931488037109 78.47396087646484 75.10810852050781 71.83230590820313 68.68107604980469 65.70954895019531 62.99924850463867 60.6436767578125 58.74478530883789 57.50000381469727 57.63308334350586 59.63896560668945 62.49139404296875 65.67436981201172 68.98188018798828 72.24976348876953 75.30443572998047 77.95125579833984 79.92246246337891 79.84873962402344 77.69628143310547 74.79428863525391 71.43740844726563 67.93061065673828 64.66157531738281 62.15834426879883 61.10930633544922 62.02291107177734 64.69208526611328 68.41844177246094 72.48595428466797 76.19180297851563 78.07977294921875 77.74609375 76.38198089599609 74.29006958007813 71.63768768310547 68.56378173828125
98.50591278076172 96.46158599853516 93.93102264404297 91.03926086425781 87.91268920898438 84.65069580078125 81.32664489746094 77.99677276611328 74.70858764648438 71.50906372070313 68.45482635498047 65.62362670898438 63.12095642089844 61.07875061035156 59.65907287597656 59.09253311157227 59.69062042236328 61.52392196655273 64.21974945068359 67.38037872314453 70.73945617675781 74.08505249023438 77.19162750244141 79.76383972167969 81.33979797363281 81.27495574951172 79.50871276855469 76.61220550537109 73.07180786132813 69.29059600830078 65.66722869873047 62.7059326171875 61.33699417114258 62.62408828735352 65.87512969970703 70.01268005371094 74.39797210693359 78.488525390625 80.56678771972656 80.07018280029297 78.61116790771484 76.39503479003906 73.59288024902344 70.35417175292969
96.97718811035156 95.00922393798828 92.63529205322266 89.93112182617188 86.98622131347656 83.88343811035156 80.69275665283203 77.47352600097656 74.28019714355469 71.17012786865234 68.21382141113281 65.50758361816406 63.18603134155273 61.4253044128418 60.42123794555664 60.34435653686523 61.28920745849609 63.20103073120117 65.86313629150391 69.00910186767578 72.401611328125 75.82033538818359 79.01155853271484 81.62670135498047 83.18475341796875 83.19918060302734 81.53922271728516 78.55193328857422 74.77433013916016 70.69628143310547 66.70613098144531 63.11887741088867 60.51015090942383 62.84451293945313 66.87416076660156 71.36592864990234 75.88209533691406 79.74047088623047 81.92086791992188 82.05369567871094 80.72222900390625 78.43073272705078 75.49329376220703 72.106201171875
95.56832885742188 93.66317749023438 91.40620422363281 88.84938049316406 86.05940246582031 83.10430145263672 80.04704284667969 76.94532775878906 73.85519409179688 70.8372802734375 67.96607971191406 65.34441375732422 63.12659072875977 61.54172134399414 60.84994125366211 61.17812347412109 62.46033477783203 64.54810333251953 67.26660919189453 70.43190765380859 73.86463165283203 77.38034057617188 80.75161743164063 83.64178466796875 85.52710723876953 85.75111389160156 83.98760986328125 80.65982818603516 76.52018737792969 72.17535400390625 68.05477905273438 64.55165863037109 62.592041015625 64.33833312988281 68.15770721435547 72.67759704589844 77.30805969238281 81.33373260498047 83.82205963134766 84.18594360351563 82.81201171875 80.38065338134766 77.30398559570313 73.79356384277344
94.278076171875 92.43088531494141 90.26779937744141 87.83074188232422 85.17413330078125 82.35507202148438 79.42881774902344 76.44853210449219 73.46779632568359 70.54488372802734 67.74893188476563 65.17083740234375 62.95192718505859 61.36732864379883 60.88611602783203 61.64661407470703 63.29713439941406 65.58827209472656 68.38190460205078 71.56190490722656 75.01295471191406 78.61299896240234 82.21219635009766 85.57337188720703 88.19316101074219 88.9327392578125 86.77138519287109 82.71722412109375 78.08069610595703 73.52328491210938 69.47084045410156 66.41603851318359 65.13264465332031 66.29801177978516 69.49982452392578 73.86002349853516 78.67058563232422 83.25138854980469 86.43663024902344 86.61176300048828 84.81577301025391 82.15747833251953 78.96240997314453 75.37510681152344
93.10338592529297 91.31253814697266 89.22756195068359 86.89109039306641 84.3529052734375 81.66220092773438 78.86650085449219 76.01303100585938 73.15119934082031 70.33551788330078 67.62807464599609 65.09998321533203 62.83580017089844 60.99565124511719 60.58071899414063 61.97782897949219 63.97834014892578 66.41120147705078 69.22126007080078 72.35118103027344 75.7376708984375 79.31634521484375 83.02422332763672 86.79169464111328 90.4637451171875 92.72160339355469 89.22785186767578 84.07622528076172 79.02052307128906 74.37947845458984 70.4334716796875 67.59253692626953 66.42050933837891 67.36288452148438 70.29061889648438 74.57125854492188 79.52334594726563 84.61819458007813 89.48707580566406 88.50360107421875 86.31110382080078 83.58977508544922 80.39560699462891 76.81012725830078
